    0.173611    0.12060588E-02
    0.245523    0.20826990E-02
    0.300703    0.24376209E-02
    0.347222    0.43263170E-02
    0.491046    0.56914724E-02
    0.601407    0.66332975E-02
    0.694444    0.81535354E-02
    0.982093    0.11093712E-01
    1.202813    0.12735851E-01
    1.388889    0.13384248E-01
    1.964185    0.16713690E-01
    2.405626    0.18385131E-01
    2.777778    0.14741045E-01
    3.928371    0.15591987E-01
    4.811252    0.14735735E-01
    5.555555    0.10066663E-01
    7.856741    0.83631771E-02
    9.622504    0.68629044E-02
   16.666666    0.21839631E-02
   23.570225    0.12629256E-02
   28.867512    0.82802837E-03
