1.34000000000000    3.79916110000000    0.0330017040000000  0.000198343600000000    0.00341910170000000
2.01000000000000    2.55281850000000    0.0322071910000000  0.000385741200000000    0.00341357560000000
2.68000000000000    1.88830410000000    0.0313326960000000  0.000522857400000000    0.00340606060000000
3.35000000000000    1.48213850000000    0.0304317620000000  0.000637223600000000    0.00339666830000000
4.02000000000000    1.19340210000000    0.0295174070000000  0.000750947600000000    0.00338551800000000
4.69000000000000    0.979181890000000   0.0286133820000000  0.000841521200000000    0.00337272730000000
5.36000000000000    0.823837250000000   0.0277317690000000  0.000920790000000000    0.00335840990000000
6.03000000000000    0.704889590000000   0.0268645810000000  0.00100342320000000 0.00334267520000000
6.70000000000000    0.606271380000000   0.0260197890000000  0.00106943330000000 0.00332562830000000
7.37000000000000    0.526249910000000   0.0252025820000000  0.00112311600000000 0.00330736900000000
8.04000000000000    0.463252560000000   0.0243846580000000  0.00118346670000000 0.00328799820000000
8.71000000000000    0.410214320000000   0.0235609390000000  0.00123093390000000 0.00326761580000000
9.38000000000000    0.363617510000000   0.0227796190000000  0.00125182750000000 0.00324631940000000
10.0500000000000    0.324838670000000   0.0220657830000000  0.00127070060000000 0.00322419080000000
10.7200000000000    0.292789950000000   0.0213924310000000  0.00130052780000000 0.00320130330000000
11.3900000000000    0.264108130000000   0.0207418680000000  0.00133130870000000 0.00317772130000000
12.0600000000000    0.238434700000000   0.0201186790000000  0.00135727880000000 0.00315350180000000
12.7300000000000    0.216916430000000   0.0195188440000000  0.00137682270000000 0.00312869930000000
13.4000000000000    0.198303840000000   0.0189380810000000  0.00139324020000000 0.00310336340000000
14.0700000000000    0.180978150000000   0.0183789820000000  0.00141066720000000 0.00307754330000000
14.7400000000000    0.165543290000000   0.0178378760000000  0.00142233620000000 0.00305128460000000
15.4100000000000    0.152503240000000   0.0173128890000000  0.00143045660000000 0.00302463120000000
16.0800000000000    0.140671760000000   0.0168027310000000  0.00144386160000000 0.00299762660000000
16.7500000000000    0.129469830000000   0.0163005650000000  0.00143773940000000 0.00297031330000000
17.4200000000000    0.119658410000000   0.0158117200000000  0.00142459150000000 0.00294273640000000
18.0900000000000    0.111201760000000   0.0153409010000000  0.00141232420000000 0.00291494010000000
18.7600000000000    0.103180300000000   0.0148918380000000  0.00140646690000000 0.00288696620000000
19.4300000000000    0.0956292770000000  0.0144652520000000  0.00140644840000000 0.00285884770000000
20.1000000000000    0.0891296590000000  0.0140587410000000  0.00140718270000000 0.00283061270000000
20.7700000000000    0.0833200470000000  0.0136683310000000  0.00140421110000000 0.00280228490000000
21.4400000000000    0.0776373570000000  0.0132905160000000  0.00139756110000000 0.00277388750000000
22.1100000000000    0.0724166270000000  0.0129234340000000  0.00139103770000000 0.00274544140000000
22.7800000000000    0.0679477080000000  0.0125667890000000  0.00138780040000000 0.00271696570000000
23.4500000000000    0.0637548390000000  0.0122209320000000  0.00138646920000000 0.00268847980000000
24.1200000000000    0.0596203040000000  0.0118859080000000  0.00138140570000000 0.00266000150000000
24.7900000000000    0.0559480580000000  0.0115611000000000  0.00136708340000000 0.00263154970000000
25.4600000000000    0.0527533080000000  0.0112455540000000  0.00134278530000000 0.00260314340000000
26.1300000000000    0.0496084210000000  0.0109386360000000  0.00131372720000000 0.00257480040000000
26.8000000000000    0.0465616840000000  0.0106405080000000  0.00128771970000000 0.00254653650000000
27.4700000000000    0.0439365320000000  0.0103520460000000  0.00127005920000000 0.00251836660000000
28.1400000000000    0.0415571960000000  0.0100742250000000  0.00126069550000000 0.00249030680000000
28.8100000000000    0.0391399500000000  0.00980731960000000 0.00125539230000000 0.00246237040000000
29.4800000000000    0.0368872760000000  0.00955046300000000 0.00124944690000000 0.00243456730000000
30.1500000000000    0.0349700650000000  0.00930190380000000 0.00124073380000000 0.00240690680000000
30.8200000000000    0.0331279570000000  0.00905989110000000 0.00122995780000000 0.00237939770000000
31.4900000000000    0.0312508120000000  0.00882363720000000 0.00121855810000000 0.00235204790000000
32.1600000000000    0.0295840380000000  0.00859369990000000 0.00120652250000000 0.00232486500000000
32.8300000000000    0.0281395110000000  0.00837146100000000 0.00119201340000000 0.00229785920000000
33.5000000000000    0.0266690760000000  0.00815800410000000 0.00117292790000000 0.00227103490000000
34.1700000000000    0.0252131090000000  0.00795314230000000 0.00114889110000000 0.00224439940000000
34.8400000000000    0.0239733610000000  0.00775528210000000 0.00112207650000000 0.00221795790000000
35.5100000000000    0.0228419650000000  0.00756222900000000 0.00109633340000000 0.00219171330000000
36.1800000000000    0.0216491140000000  0.00737237700000000 0.00107535480000000 0.00216566970000000
36.8500000000000    0.0205300200000000  0.00718546350000000 0.00106103840000000 0.00213983130000000
37.5200000000000    0.0195935300000000  0.00700242090000000 0.00105277460000000 0.00211420420000000
38.1900000000000    0.0186735060000000  0.00682452760000000 0.00104777370000000 0.00208879290000000
38.8600000000000    0.0177057470000000  0.00665254120000000 0.00104216840000000 0.00206360410000000
39.5300000000000    0.0168543420000000  0.00648642620000000 0.00103253410000000 0.00203864050000000
40.2000000000000    0.0161252940000000  0.00632575580000000 0.00101732050000000 0.00201390630000000
40.8700000000000    0.0153563030000000  0.00617034260000000 0.000997555520000000    0.00198940440000000
41.5400000000000    0.0145804130000000  0.00602049990000000 0.000976284920000000    0.00196513700000000
42.2100000000000    0.0139339730000000  0.00587669500000000 0.000956846540000000    0.00194110490000000
42.8800000000000    0.0133419930000000  0.00573887990000000 0.000940942340000000    0.00191730760000000
43.5500000000000    0.0126923100000000  0.00560605140000000 0.000927792580000000    0.00189374480000000
44.2200000000000    0.0120819550000000  0.00547642990000000 0.000914984720000000    0.00187041560000000
44.8900000000000    0.0115845640000000  0.00534818730000000 0.000900448640000000    0.00184731940000000
45.5600000000000    0.0110839800000000  0.00522028910000000 0.000884008060000000    0.00182445550000000
46.2300000000000    0.0105396820000000  0.00509292860000000 0.000867338940000000    0.00180182410000000
46.9000000000000    0.0100689280000000  0.00496736110000000 0.000852394400000000    0.00177942750000000
47.5700000000000    0.00967350750000000 0.00484526670000000 0.000839662200000000    0.00175726700000000
48.2400000000000    0.00923902430000000 0.00472801840000000 0.000827737560000000    0.00173535070000000
48.9100000000000    0.00879303590000000 0.00461620560000000 0.000814595600000000    0.00171367450000000
49.5800000000000    0.00843311250000000 0.00450955860000000 0.000799510400000000    0.00169224010000000
50.2500000000000    0.00810299390000000 0.00440721290000000 0.000783988920000000    0.00167104570000000
50.9200000000000    0.00772370980000000 0.00430813970000000 0.000770863600000000    0.00165008960000000
51.5900000000000    0.00736860980000000 0.00421151850000000 0.000762161920000000    0.00162936990000000
52.2600000000000    0.00708975200000000 0.00411691250000000 0.000757338400000000    0.00160888440000000
52.9300000000000    0.00680086030000000 0.00402423680000000 0.000753157860000000    0.00158863190000000
53.6000000000000    0.00647509900000000 0.00393354490000000 0.000745384900000000    0.00156861100000000
54.2700000000000    0.00620036660000000 0.00384483400000000 0.000731125980000000    0.00154882020000000
54.9400000000000    0.00597571650000000 0.00375797270000000 0.000710425040000000    0.00152925800000000
55.6100000000000    0.00571627650000000 0.00367279560000000 0.000686266620000000    0.00150992280000000
56.2800000000000    0.00544556170000000 0.00358927040000000 0.000663169520000000    0.00149081310000000
56.9500000000000    0.00523637710000000 0.00350758040000000 0.000645208980000000    0.00147192820000000
57.6200000000000    0.00504435460000000 0.00342803920000000 0.000634413780000000    0.00145326730000000
58.2900000000000    0.00481137150000000 0.00335088230000000 0.000630120400000000    0.00143482930000000
58.9600000000000    0.00459505850000000 0.00327609750000000 0.000629426200000000    0.00141661350000000
59.6300000000000    0.00443343780000000 0.00320344440000000 0.000628484220000000    0.00139861830000000
60.3000000000000    0.00425959920000000 0.00313264590000000 0.000624128960000000    0.00138084240000000
60.9700000000000    0.00405522830000000 0.00306363770000000 0.000615101240000000    0.00136328450000000
61.6400000000000    0.00388858990000000 0.00299665080000000 0.000602328480000000    0.00134594290000000
62.3100000000000    0.00375696260000000 0.00293206650000000 0.000588104400000000    0.00132881610000000
62.9800000000000    0.00359496980000000 0.00287011530000000 0.000574664640000000    0.00131190200000000
63.6500000000000    0.00342303390000000 0.00281062310000000 0.000563024120000000    0.00129519790000000
64.3200000000000    0.00329724490000000 0.00275297520000000 0.000552750150000000    0.00127870050000000
64.9900000000000    0.00318135140000000 0.00269632060000000 0.000542702340000000    0.00126240590000000
65.6600000000000    0.00303117440000000 0.00263991180000000 0.000532077620000000    0.00124631120000000
66.3300000000000    0.00289337540000000 0.00258339230000000 0.000520982800000000    0.00123041340000000
67  0.00279641210000000 0.00252691360000000 0.000510149480000000    0.00121471140000000
67.6700000000000    0.00268673760000000 0.00247104180000000 0.000500207270000000    0.00119920410000000
68.3400000000000    0.00255166310000000 0.00241652130000000 0.000491162000000000    0.00118389120000000
69.0100000000000    0.00244569360000000 0.00236400160000000 0.000482543650000000    0.00116877220000000
69.6800000000000    0.00236498210000000 0.00231382100000000 0.000474035220000000    0.00115384580000000
70.3500000000000    0.00225772130000000 0.00226593300000000 0.000465983960000000    0.00113911050000000
71.0200000000000    0.00214195080000000 0.00221997990000000 0.000459299590000000    0.00112456390000000
71.6900000000000    0.00206198070000000 0.00217548520000000 0.000454758640000000    0.00111020340000000
72.3600000000000    0.00198745080000000 0.00213206580000000 0.000452222260000000    0.00109602640000000
73.0300000000000    0.00188400270000000 0.00208956210000000 0.000450349120000000    0.00108203050000000
73.7000000000000    0.00179038110000000 0.00204802300000000 0.000447032460000000    0.00106821300000000
74.3700000000000    0.00172836970000000 0.00200757030000000 0.000440331320000000    0.00105457130000000
75.0400000000000    0.00165415680000000 0.00196823540000000 0.000429395380000000    0.00104110300000000
75.7100000000000    0.00155903440000000 0.00192987630000000 0.000414944580000000    0.00102780500000000
76.3800000000000    0.00148760800000000 0.00189221920000000 0.000399105410000000    0.00101467480000000
77.0500000000000    0.00143544990000000 0.00185498940000000 0.000384669350000000    0.00100171000000000
77.7200000000000    0.00136074510000000 0.00181804400000000 0.000374032230000000    0.000988908540000000
78.3900000000000    0.00127977030000000 0.00178143110000000 0.000368208390000000    0.000976268440000000
79.0600000000000    0.00122841080000000 0.00174536170000000 0.000366355310000000    0.000963788050000000
79.7300000000000    0.00118092510000000 0.00171012350000000 0.000366119000000000    0.000951466000000000
80.4000000000000    0.00111032400000000 0.00167599410000000 0.000364740250000000    0.000939300880000000
81.0700000000000    0.00104965770000000 0.00164317760000000 0.000360430230000000    0.000927291430000000
81.7400000000000    0.00101614240000000 0.00161177270000000 0.000353266780000000    0.000915435900000000
82.4100000000000    0.000973573090000000    0.00158176250000000 0.000345062560000000    0.000903732440000000
83.0800000000000    0.000916461470000000    0.00155302720000000 0.000338234650000000    0.000892178900000000
83.7500000000000    0.000882367430000000    0.00152537800000000 0.000334326020000000    0.000880772830000000
84.4200000000000    0.000866936430000000    0.00149860690000000 0.000333051860000000    0.000869511320000000
85.0900000000000    0.000836230820000000    0.00147252900000000 0.000332420740000000    0.000858391510000000
85.7600000000000    0.000805453380000000    0.00144699750000000 0.000329819410000000    0.000847410510000000
86.4300000000000    0.000804453050000000    0.00142189340000000 0.000323402200000000    0.000836565240000000
87.1000000000000    0.000811257560000000    0.00139710810000000 0.000313023830000000    0.000825853180000000
87.7700000000000    0.000804437170000000    0.00137254860000000 0.000300288530000000    0.000815271650000000
88.4400000000000    0.000812468120000000    0.00134816680000000 0.000287794490000000    0.000804818720000000
89.1100000000000    0.000848745640000000    0.00132399270000000 0.000278014460000000    0.000794492370000000
89.7800000000000    0.000882204990000000    0.00130013630000000 0.000272328760000000    0.000784290940000000
90.4500000000000    0.000908677770000000    0.00127675610000000 0.000270576410000000    0.000774212920000000
91.1200000000000    0.000958896510000000    0.00125400310000000 0.000271251420000000    0.000764256970000000
91.7900000000000    0.00102689900000000 0.00123197460000000 0.000272242150000000    0.000754421670000000
92.4600000000000    0.00108272890000000 0.00121070760000000 0.000271787720000000    0.000744705390000000
93.1300000000000    0.00113832110000000 0.00119019590000000 0.000269225500000000    0.000735106400000000
93.8000000000000    0.00121634780000000 0.00117041140000000 0.000265164720000000    0.000725622690000000
94.4700000000000    0.00129522570000000 0.00115130790000000 0.000260980040000000    0.000716251930000000
95.1400000000000    0.00135525010000000 0.00113280980000000 0.000257898600000000    0.000706991870000000
95.8100000000000    0.00141895520000000 0.00111480100000000 0.000256207220000000    0.000697839920000000
96.4800000000000    0.00149487100000000 0.00109712870000000 0.000255053500000000    0.000688793770000000
97.1500000000000    0.00155456490000000 0.00107962260000000 0.000252946770000000    0.000679851020000000
97.8200000000000    0.00159406660000000 0.00106211970000000 0.000248637350000000    0.000671009400000000
98.4900000000000    0.00163873590000000 0.00104448700000000 0.000241828910000000    0.000662266880000000
99.1600000000000    0.00168224030000000 0.00102663250000000 0.000233348600000000    0.000653621540000000
99.8300000000000    0.00169940450000000 0.00100852530000000 0.000224720650000000    0.000645071910000000
100.500000000000    0.00170196170000000 0.000990202510000000    0.000217471100000000    0.000636616630000000
101.170000000000    0.00171008800000000 0.000971764820000000    0.000212547840000000    0.000628254690000000
101.840000000000    0.00170627100000000 0.000953350290000000    0.000210089880000000    0.000619985290000000
102.510000000000    0.00167623720000000 0.000935095360000000    0.000209546580000000    0.000611807610000000
103.180000000000    0.00164203550000000 0.000917098600000000    0.000210007560000000    0.000603721070000000
103.850000000000    0.00161263510000000 0.000899414000000000    0.000210569370000000    0.000595724840000000
104.520000000000    0.00156574740000000 0.000882066170000000    0.000210629950000000    0.000587818270000000
105.190000000000    0.00150108650000000 0.000865073350000000    0.000210025890000000    0.000580000330000000
105.860000000000    0.00144270760000000 0.000848454280000000    0.000208966680000000    0.000572270220000000
106.530000000000    0.00138631930000000 0.000832211560000000    0.000207783940000000    0.000564626610000000
107.200000000000    0.00131207130000000 0.000816306300000000    0.000206620860000000    0.000557068360000000
107.870000000000    0.00123215700000000 0.000800648000000000    0.000205241660000000    0.000549594110000000
108.540000000000    0.00116464910000000 0.000785111830000000    0.000203105890000000    0.000542202600000000
109.210000000000    0.00109453810000000 0.000769574960000000    0.000199675270000000    0.000534892540000000
109.880000000000    0.00101041190000000 0.000753950570000000    0.000194763530000000    0.000527662900000000
110.550000000000    0.000931918910000000    0.000738202240000000    0.000188699470000000    0.000520512880000000
111.220000000000    0.000866084470000000    0.000722338400000000    0.000182208880000000    0.000513441760000000
111.890000000000    0.000793057040000000    0.000706397900000000    0.000176110870000000    0.000506449220000000
112.560000000000    0.000712839530000000    0.000690439330000000    0.000171028960000000    0.000499535040000000
113.230000000000    0.000645788570000000    0.000674535160000000    0.000167275630000000    0.000492698830000000
113.900000000000    0.000586858820000000    0.000658768470000000    0.000164880480000000    0.000485940680000000
114.570000000000    0.000518272350000000    0.000643225620000000    0.000163702370000000    0.000479260340000000
115.240000000000    0.000450572590000000    0.000627988270000000    0.000163486130000000    0.000472657640000000
115.910000000000    0.000398469370000000    0.000613128750000000    0.000163885590000000    0.000466132370000000
116.580000000000    0.000347690490000000    0.000598708060000000    0.000164502440000000    0.000459684210000000
117.250000000000    0.000288119600000000    0.000584771690000000    0.000164971560000000    0.000453312680000000
117.920000000000    0.000236674410000000    0.000571339030000000    0.000165048990000000    0.000447017320000000
118.590000000000    0.000198361760000000    0.000558389310000000    0.000164627220000000    0.000440797400000000
119.260000000000    0.000155123860000000    0.000545856790000000    0.000163654140000000    0.000434652040000000
119.930000000000    0.000107122410000000    0.000533641940000000    0.000162029710000000    0.000428580490000000
120.600000000000    7.17846400000000e-05    0.000521637660000000    0.000159579600000000    0.000422581770000000
121.270000000000    4.37214930000000e-05    0.000509757330000000    0.000156145860000000    0.000416654990000000
121.940000000000    7.19226900000000e-06    0.000497948700000000    0.000151728590000000    0.000410799400000000
122.610000000000    -2.82750030000000e-05   0.000486189630000000    0.000146563980000000    0.000405014220000000
123.280000000000    -5.03122310000000e-05   0.000474474830000000    0.000141073760000000    0.000399298800000000
123.950000000000    -7.21002780000000e-05   0.000462807050000000    0.000135733420000000    0.000393652660000000
124.620000000000    -0.000102257310000000   0.000451199160000000    0.000130949680000000    0.000388075430000000
125.290000000000    -0.000125717810000000   0.000439682230000000    0.000127015850000000    0.000382566730000000
125.960000000000    -0.000138693520000000   0.000428308430000000    0.000124123920000000    0.000377126200000000
126.630000000000    -0.000157324730000000   0.000417160670000000    0.000122430750000000    0.000371753750000000
127.300000000000    -0.000180967760000000   0.000406258890000000    0.000121827650000000    0.000366449120000000
127.970000000000    -0.000194283380000000   0.000395689890000000    0.000121993460000000    0.000361211790000000
128.640000000000    -0.000202573340000000   0.000385515160000000    0.000122628530000000    0.000356041580000000
129.310000000000    -0.000219565090000000   0.000375769860000000    0.000123441370000000    0.000350937990000000
129.980000000000    -0.000236322220000000   0.000366456710000000    0.000124159260000000    0.000345900260000000
130.650000000000    -0.000242152930000000   0.000357549610000000    0.000124531000000000    0.000340927860000000
131.320000000000    -0.000249042470000000   0.000349005230000000    0.000124337670000000    0.000336019940000000
131.990000000000    -0.000264149990000000   0.000340767650000000    0.000123417400000000    0.000331175650000000
132.660000000000    -0.000273778570000000   0.000332771920000000    0.000121679710000000    0.000326394120000000
133.330000000000    -0.000274957960000000   0.000324949510000000    0.000119105870000000    0.000321674420000000
134 -0.000282047190000000   0.000317232860000000    0.000115742320000000    0.000317015630000000
